   0.0000000000000000        0.0000000000000000        0.0000000000000000     
   1.0000000000000000        0.0000000000000000        0.0000000000000000     
   1.0000000000000000        1.0000000000000000       0.84147098480789650     
   0.0000000000000000        1.0000000000000000        0.0000000000000000     
  0.50000000000000000        0.0000000000000000        0.0000000000000000     
   0.0000000000000000       0.50000000000000000        0.0000000000000000     
  0.50000000000000000       0.50000000000000000       0.25240872626202793     
   1.0000000000000000       0.50000000000000000       0.47942553860420295     
  0.50000000000000000        1.0000000000000000       0.47942553860420301     
  0.25000000000000000        0.0000000000000000        0.0000000000000000     
  0.75000000000000000        0.0000000000000000        0.0000000000000000     
   0.0000000000000000       0.25000000000000000        0.0000000000000000     
   0.0000000000000000       0.75000000000000000        0.0000000000000000     
  0.75000000000000000       0.25000000000000000       0.18905202001667737     
  0.25000000000000000       0.75000000000000000       0.18905202001667715     
   1.0000000000000000       0.25000000000000000       0.24740395925452291     
   1.0000000000000000       0.75000000000000000       0.68163876002333412     
  0.75000000000000000        1.0000000000000000       0.68163876002333423     
  0.25000000000000000        1.0000000000000000       0.24740395925452296     
  0.25000000000000000       0.25000000000000000        6.5216445547537763E-002
  0.50000000000000000       0.25000000000000000       0.12854481300216489     
  0.25000000000000000       0.50000000000000000       0.12854481300216480     
  0.75000000000000000       0.50000000000000000       0.36889983439724600     
  0.75000000000000000       0.75000000000000000       0.53279369636873619     
  0.50000000000000000       0.75000000000000000       0.36889983439724627     
  0.12500000000000000        0.0000000000000000        0.0000000000000000     
  0.37500000000000000        0.0000000000000000        0.0000000000000000     
  0.87500000000000000        0.0000000000000000        0.0000000000000000     
  0.62500000000000000        0.0000000000000000        0.0000000000000000     
   0.0000000000000000       0.12500000000000000        0.0000000000000000     
   0.0000000000000000       0.37500000000000000        0.0000000000000000     
   0.0000000000000000       0.87500000000000000        0.0000000000000000     
   0.0000000000000000       0.62500000000000000        0.0000000000000000     
  0.87500000000000000       0.12500000000000000       0.10996336836350790     
  0.62500000000000000       0.37500000000000000       0.23658333686294403     
  0.12500000000000000       0.87500000000000000       0.10996336836350784     
  0.37500000000000000       0.62500000000000000       0.23658333686294389     
   1.0000000000000000       0.12500000000000000       0.12467473338522768     
   1.0000000000000000       0.37500000000000000       0.36627252908604757     
   1.0000000000000000       0.87500000000000000       0.76754350223602708     
   1.0000000000000000       0.62500000000000000       0.58509727294046221     
  0.87500000000000000        1.0000000000000000       0.76754350223602708     
  0.62500000000000000        1.0000000000000000       0.58509727294046221     
  0.12500000000000000        1.0000000000000000       0.12467473338522768     
  0.37500000000000000        1.0000000000000000       0.36627252908604757     
  0.37500000000000000       0.12500000000000000        4.8802715432115958E-002
  0.12500000000000000       0.37500000000000000        4.8802715432115930E-002
  0.50000000000000000       0.12500000000000000        6.4575051048557472E-002
  0.50000000000000000       0.37500000000000000       0.19130235136539356     
  0.12500000000000000       0.50000000000000000        6.4575051048557389E-002
  0.37500000000000000       0.50000000000000000       0.19130235136539345     
  0.62500000000000000       0.50000000000000000       0.31162977173307832     
  0.87500000000000000       0.50000000000000000       0.42463714243204204     
  0.87500000000000000       0.62500000000000000       0.51990346932896170     
  0.62500000000000000       0.87500000000000000       0.51990346932896170     
  0.50000000000000000       0.62500000000000000       0.31162977173307838     
  0.50000000000000000       0.87500000000000000       0.42463714243204215     
  0.12500000000000000       0.12500000000000000        1.6418640589440505E-002
  0.25000000000000000       0.12500000000000000        3.2723358111948597E-002
  0.12500000000000000       0.25000000000000000        3.2723358111948563E-002
  0.62500000000000000       0.12500000000000000        8.0009516632158328E-002
  0.75000000000000000       0.12500000000000000        9.5113545183388229E-002
  0.62500000000000000       0.25000000000000000       0.15914690298282433     
  0.12500000000000000       0.62500000000000000        8.0009516632158231E-002
  0.25000000000000000       0.62500000000000000       0.15914690298282425     
  0.12500000000000000       0.75000000000000000        9.5113545183388076E-002
  0.37500000000000000       0.25000000000000000        9.7196703077863378E-002
  0.37500000000000000       0.37500000000000000       0.14479283951801478     
  0.25000000000000000       0.37500000000000000        9.7196703077863364E-002
  0.87500000000000000       0.25000000000000000       0.21837765500179901     
  0.87500000000000000       0.37500000000000000       0.32373639072131905     
  0.75000000000000000       0.37500000000000000       0.28064364022833749     
  0.87500000000000000       0.75000000000000000       0.60865844796544721     
  0.87500000000000000       0.87500000000000000       0.69080068241726567     
  0.75000000000000000       0.87500000000000000       0.60865844796544721     
  0.37500000000000000       0.75000000000000000       0.28064364022833738     
  0.37500000000000000       0.87500000000000000       0.32373639072131899     
  0.25000000000000000       0.87500000000000000       0.21837765500179901     
  0.75000000000000000       0.62500000000000000       0.45311972409942747     
  0.62500000000000000       0.75000000000000000       0.45311972409942763     
  0.62500000000000000       0.62500000000000000       0.38385712771158687     
